-8.2699736153101444e-02 6.5534474824338496e-02 1.0000000000000000e+01
3.5772943373663790e-01 3.5859281167322443e-01 1.0000000000000000e+01
3.7354542472099217e-01 1.7795328571365832e-01 1.0000000000000000e+01
4.0238118888921171e-01 8.2064166097931635e-01 1.0000000000000000e+01
5.2439607937093635e-01 -4.7509401267165974e-01 1.0000000000000000e+01
-2.6932265854874748e-01 -5.0592222879916537e-01 1.0000000000000000e+01
5.0671166996784112e-01 3.0303714950710403e-01 1.0000000000000000e+01
-4.5018631939319254e-01 -2.8147004138746767e-01 1.0000000000000000e+01
9.0457894881468270e-03 3.2583927285197989e-02 1.0000000000000000e+01
-2.3171570395665042e-01 -4.4583639942381359e-01 1.0000000000000000e+01
5.4040909350868738e-01 6.5563460050878786e-01 1.0000000000000000e+01
3.7691060238373963e-01 7.3649426351138114e-01 1.0000000000000000e+01
2.5908683578441227e-01 4.7244902861884275e-01 1.0000000000000000e+01
-3.8735633780591017e-01 -2.9796950393261834e-01 1.0000000000000000e+01
2.6547404484146941e-02 1.8222716505742964e-01 1.0000000000000000e+01
6.8302127890429509e-01 -4.6136545551073060e-01 1.0000000000000000e+01
-1.6921076884922137e-01 7.4607951135657657e-02 1.0000000000000000e+01
-6.4334459213695705e-01 -6.9256004583675423e-01 1.0000000000000000e+01
1.4330962167275585e-01 6.0481145400778002e-01 1.0000000000000000e+01
4.9658530182046134e-01 1.0916769649329017e-01 1.0000000000000000e+01
7.8147496272878492e-01 2.4969858268727485e-01 1.0000000000000000e+01
-5.7449697031383262e-01 4.2941993541522883e-01 1.0000000000000000e+01
4.1963918573206249e-01 8.7579459877488874e-01 1.0000000000000000e+01
-5.2017839044340808e-01 -6.3820818236014254e-01 1.0000000000000000e+01
-2.2454932575325914e-01 -5.1793502667818458e-04 1.0000000000000000e+01
6.9115131892783155e-01 1.8021722006621643e-01 1.0000000000000000e+01
-2.2970901347217576e-02 -7.1938942685694895e-02 1.0000000000000000e+01
-6.0048560127638539e-01 -3.6150065220962313e-01 1.0000000000000000e+01
3.0250748307560915e-01 2.4326805176365562e-01 1.0000000000000000e+01
6.0614599176037398e-01 -5.0431648339345880e-01 1.0000000000000000e+01
-4.7136393863305592e-02 -2.2137166057777202e-01 1.0000000000000000e+01
-2.6932194236168727e-01 -4.9388527287816875e-01 1.0000000000000000e+01
-5.6950323170493511e-01 3.5918473515621607e-01 1.0000000000000000e+01
1.1911750310990898e-02 2.0078747682310061e-01 1.0000000000000000e+01
6.3512296585139016e-01 5.1168706431597810e-01 1.0000000000000000e+01
2.6547739993104580e-01 -1.2133935891154191e-01 1.0000000000000000e+01
6.4939477371489396e-01 3.7796182622106822e-01 1.0000000000000000e+01
-1.7194303365980412e-01 1.5343327967144238e-01 1.0000000000000000e+01
4.5949536071135455e-01 7.3852747573448685e-01 1.0000000000000000e+01
4.3128466952186306e-01 6.0144065395064672e-01 1.0000000000000000e+01
4.1307094852117410e-01 4.8343179537143177e-01 1.0000000000000000e+01
4.9974810820992532e-02 -7.3354531579350346e-02 1.0000000000000000e+01
3.6409823939395047e-01 -6.0089050587308157e-01 1.0000000000000000e+01
-1.2054887466158204e-01 -6.4936437208641506e-02 1.0000000000000000e+01
4.5466998007831627e-01 -3.6164482373820839e-01 1.0000000000000000e+01
3.6112396761827359e-01 -5.8947623967634333e-01 1.0000000000000000e+01
6.7283975969666598e-01 4.1784122186612405e-01 1.0000000000000000e+01
-5.7290640080948663e-01 -8.3787840504100475e-01 1.0000000000000000e+01
-4.6157051597795007e-01 3.8433795859307884e-01 1.0000000000000000e+01
-4.3192992612343739e-01 5.5373164338699143e-01 1.0000000000000000e+01
-4.3568822901495186e-01 -6.1206505429561486e-01 1.0000000000000000e+01
-2.0371261853897604e-01 2.0202021543030635e-01 1.0000000000000000e+01
-4.8566268826167225e-01 -5.3280161392539815e-01 1.0000000000000000e+01
-7.9672524416666723e-01 -5.6117870917598656e-01 1.0000000000000000e+01
2.6943487919375064e-01 3.9201460936666210e-01 1.0000000000000000e+01
5.8953962549080119e-01 3.9248562389634811e-01 1.0000000000000000e+01
5.0588082592276895e-01 3.3904128397770283e-01 1.0000000000000000e+01
-3.6244423937166304e-01 3.9966888045876692e-01 1.0000000000000000e+01
5.2246553382019778e-02 1.0782269160627522e-01 1.0000000000000000e+01
7.2045139117187418e-01 6.2653142568959463e-01 1.0000000000000000e+01
1.1367156501564746e-01 4.7799321798514249e-01 1.0000000000000000e+01
-3.6798532370849757e-01 -7.2933556871923411e-01 1.0000000000000000e+01
1.7623824401583432e-01 3.6167174128893365e-02 1.0000000000000000e+01
-1.0626811492548704e-01 -4.8207552660353259e-02 1.0000000000000000e+01
-2.2433756255746706e-01 -4.4141390334880626e-01 1.0000000000000000e+01
-4.9215543712124021e-01 3.4356830331663057e-01 1.0000000000000000e+01
4.5721672729459439e-01 4.4153564024788117e-01 1.0000000000000000e+01
-7.9131654034895638e-02 3.4290635508620548e-02 1.0000000000000000e+01
6.8795073762906278e-01 3.8804733165914529e-01 1.0000000000000000e+01
4.1389990198141891e-01 4.1565260170756502e-01 1.0000000000000000e+01
-1.2672310095593475e-01 1.6484223360421235e-01 1.0000000000000000e+01
3.9135830448537989e-01 -4.4097651422069251e-01 1.0000000000000000e+01
5.0772549282187862e-01 -6.5764214268775756e-01 1.0000000000000000e+01
8.0660236710989963e-01 5.6598401608224225e-01 1.0000000000000000e+01
8.8045425288400425e-02 -2.2053717785539906e-01 1.0000000000000000e+01
-5.6834821569190741e-01 -2.2846113388820599e-01 1.0000000000000000e+01
2.5372274092106273e-01 3.1810666030184676e-01 1.0000000000000000e+01
-4.3942215360674175e-01 6.3186433149122845e-01 1.0000000000000000e+01
5.5176065748173775e-01 -5.5862970443378657e-01 1.0000000000000000e+01
-6.7945216115538598e-01 4.4752746142797517e-01 1.0000000000000000e+01
-4.4391365276831851e-02 -8.5676207712700680e-02 1.0000000000000000e+01
3.9976972639550024e-02 -1.0702084708354476e-01 1.0000000000000000e+01
-6.9937693313666482e-01 -4.2811522792471346e-01 1.0000000000000000e+01
6.6736426934011472e-01 3.9127479930933329e-01 1.0000000000000000e+01
1.5555199196355041e-01 3.6232893139232369e-01 1.0000000000000000e+01
-2.0696593923818618e-02 1.5234592238084699e-01 1.0000000000000000e+01
4.7791745489366244e-01 3.5866439778295556e-01 1.0000000000000000e+01
-6.2344840617079678e-01 -2.9736251258168489e-01 1.0000000000000000e+01
2.2825103962246840e-01 2.1522293482684662e-01 1.0000000000000000e+01
-4.8197161568420543e-01 -4.9694480444162381e-01 1.0000000000000000e+01
5.2123458754328755e-01 3.8971284003449269e-01 1.0000000000000000e+01
-5.8087538815144235e-01 -7.7264866129152876e-01 1.0000000000000000e+01
5.3887475819274533e-01 8.6806094547177715e-01 1.0000000000000000e+01
-4.9968945584245461e-01 -2.8068434413554344e-01 1.0000000000000000e+01
4.9850323120993711e-01 3.4380694541326107e-01 1.0000000000000000e+01
3.6333156068033157e-01 5.1354035433080991e-01 1.0000000000000000e+01
3.0524384011758676e-01 2.3322085627970335e-01 1.0000000000000000e+01
-2.5706850702737849e-01 -5.5039760915115366e-01 1.0000000000000000e+01
-5.3261700343928164e-01 3.0602319599409733e-01 1.0000000000000000e+01
-6.6814492720558538e-01 4.8820845572660132e-01 1.0000000000000000e+01
4.8654790757528876e-01 -5.8931738212207208e-01 1.0000000000000000e+01
-6.5724132566584337e-01 -2.5496046582933540e-01 1.0000000000000000e+01
-3.4554488647056036e-01 4.2709308929140355e-01 1.0000000000000000e+01
5.1649153303191597e-01 6.7319566741268888e-01 1.0000000000000000e+01
-2.7583274770334021e-01 7.9009349960372566e-02 1.0000000000000000e+01
-8.9855216019719464e-02 -1.9661564342519999e-01 1.0000000000000000e+01
-5.1911904733587011e-01 -8.3382857396911292e-01 1.0000000000000000e+01
-1.5684269888179503e-01 -5.5240106328968031e-02 1.0000000000000000e+01
-4.2046707096531388e-01 -7.9006171402989966e-01 1.0000000000000000e+01
-5.6722770052367255e-01 6.0403729863652833e-01 1.0000000000000000e+01
4.2312889426161027e-01 -4.7267414511771599e-01 1.0000000000000000e+01
-3.0501666353317758e-01 -4.1506400211484362e-01 1.0000000000000000e+01
6.6867691356161463e-01 4.5288623005751805e-01 1.0000000000000000e+01
-3.4113142329320845e-01 6.0416871104583558e-01 1.0000000000000000e+01
-5.5896893402513537e-01 -5.9087416044942764e-01 1.0000000000000000e+01
-4.7644296170978018e-01 4.2314254372527005e-01 1.0000000000000000e+01
-2.4326760938543246e-01 -5.9871094096391975e-01 1.0000000000000000e+01
1.8317640162220994e-01 6.4578206448153685e-01 1.0000000000000000e+01
-3.4084225880952657e-01 -5.3584381171308637e-01 1.0000000000000000e+01
7.3056538157657114e-02 -1.3876318425813838e-01 1.0000000000000000e+01
2.7904659662351317e-01 -6.3850548613746949e-02 1.0000000000000000e+01
8.6382944875575118e-01 3.8154523790885930e-01 1.0000000000000000e+01
-3.1277324692940955e-01 -7.7996114258652605e-01 1.0000000000000000e+01
3.4904946449634133e-01 4.7434979000797028e-01 1.0000000000000000e+01
-6.1603248753400175e-01 3.4198201603348455e-01 1.0000000000000000e+01
-5.5668708102623332e-01 -2.3977080790315330e-01 1.0000000000000000e+01
5.2468777239540954e-01 4.2739064964809947e-01 1.0000000000000000e+01
-1.3910799433435683e-01 1.1939222464309562e-02 1.0000000000000000e+01
6.6251195765217386e-01 8.3847226008701714e-01 1.0000000000000000e+01
2.0327528249624893e-01 4.4767291445642377e-01 1.0000000000000000e+01
3.8673269114770648e-02 -1.8365988050757953e-02 1.0000000000000000e+01
9.7472569484949423e-02 2.2147533354418125e-01 1.0000000000000000e+01
1.4316521545088157e-01 1.7777608296730363e-01 1.0000000000000000e+01
1.0365885268135866e-01 1.9433701559637528e-01 1.0000000000000000e+01
-2.6300971874176016e-02 -4.0434289276802149e-02 1.0000000000000000e+01
-4.3979254245748400e-01 4.0673891706705967e-01 1.0000000000000000e+01
-5.2919456247668462e-01 -1.7301154563809351e-01 1.0000000000000000e+01
1.9495246056232252e-01 5.6600467095431162e-01 1.0000000000000000e+01
8.4050472911470786e-01 3.6298223089565629e-01 1.0000000000000000e+01
-5.3946050048780658e-01 -7.1263169856398911e-01 1.0000000000000000e+01
-3.1084702038711265e-01 -4.0587164620210958e-01 1.0000000000000000e+01
5.1524228114413195e-01 -3.2298081057285000e-01 1.0000000000000000e+01
1.4636583400255332e-01 -2.9427919084871190e-02 1.0000000000000000e+01
-5.9503605942942017e-01 -7.7105083026506516e-01 1.0000000000000000e+01
-1.6318510759770199e-02 -2.6521033945736028e-01 1.0000000000000000e+01
-1.5173293890046557e-01 -1.7550410012505213e-01 1.0000000000000000e+01
8.0243589533606352e-01 5.4009291321974850e-01 1.0000000000000000e+01
1.7372394500939370e-01 -2.2165622712190092e-01 1.0000000000000000e+01
1.5972501279773432e-01 4.9829009151937909e-01 1.0000000000000000e+01
-6.2090282310773748e-01 4.8625202825584068e-01 1.0000000000000000e+01
4.3783889591593250e-01 7.5832365907650612e-01 1.0000000000000000e+01
6.2609367427699913e-01 7.5638357352296981e-01 1.0000000000000000e+01
5.3872020055480307e-01 2.7041072457582249e-01 1.0000000000000000e+01
7.9304794585008542e-01 7.5682590238602176e-01 1.0000000000000000e+01
-5.2396132961100028e-01 -2.1806677208192027e-01 1.0000000000000000e+01
3.6239765461645912e-01 8.1738113882829477e-01 1.0000000000000000e+01
-3.2254330363242989e-02 -9.8530415025786744e-02 1.0000000000000000e+01
-7.0760873225871879e-01 -7.7996307228690154e-01 1.0000000000000000e+01
-1.8364509902132908e-01 -5.2317925147860278e-01 1.0000000000000000e+01
-6.0384012833416467e-01 -7.4103691230576341e-01 1.0000000000000000e+01
-6.0738512296573499e-01 -3.2176168510772363e-01 1.0000000000000000e+01
1.5135839448839361e-01 -1.1946383357023072e-01 1.0000000000000000e+01
1.7134918513304975e-01 -1.3424546883173538e-01 1.0000000000000000e+01
2.0026530288172206e-01 -1.4105446689811274e-01 1.0000000000000000e+01
6.3905436808199356e-01 5.8676435406634786e-01 1.0000000000000000e+01
-4.0442784801331677e-02 2.7811584401787992e-01 1.0000000000000000e+01
2.9299040850856817e-01 2.8979580350676359e-01 1.0000000000000000e+01
-7.1020509009724719e-01 -4.1694926443367697e-01 1.0000000000000000e+01
3.3371266319123682e-01 7.0873025511797993e-01 1.0000000000000000e+01
-3.7060223211096699e-01 -7.1171508902298064e-01 1.0000000000000000e+01
-4.7173308742778985e-01 -4.1800039886403850e-01 1.0000000000000000e+01
-8.3908274343194589e-02 -2.4636688607110035e-01 1.0000000000000000e+01
-6.8825419698294921e-01 5.1171130757392902e-01 1.0000000000000000e+01
5.8976151775091967e-01 1.2182883970524605e-01 1.0000000000000000e+01
-4.2269107393114413e-01 -1.6887956073921151e-01 1.0000000000000000e+01
4.3831047110180865e-01 6.8408780809682224e-01 1.0000000000000000e+01
-4.1391310813553306e-01 -6.3760843390487532e-01 1.0000000000000000e+01
-7.3882569127661446e-02 2.5566067139416027e-01 1.0000000000000000e+01
1.9185438342013139e-01 4.9662214214756251e-01 1.0000000000000000e+01
6.6675567145773940e-01 1.6257019022599328e-01 1.0000000000000000e+01
4.3958951134215551e-01 1.8091712760781742e-01 1.0000000000000000e+01
6.7416370458629160e-01 6.6938298180204958e-01 1.0000000000000000e+01
3.1977514704678911e-01 4.6089641538490378e-01 1.0000000000000000e+01
8.5978019789782367e-01 3.2578606872157478e-01 1.0000000000000000e+01
-6.0764408186434027e-01 -6.7408389396690016e-01 1.0000000000000000e+01
6.7199409830942480e-01 2.0481028650179978e-01 1.0000000000000000e+01
2.4648523574996983e-01 6.7735724974300582e-01 1.0000000000000000e+01
7.4256766202979141e-01 3.3469573470516867e-01 1.0000000000000000e+01
3.5213051147392505e-01 2.5750634225900582e-01 1.0000000000000000e+01
-9.0905652889472277e-02 1.4869188663954458e-01 1.0000000000000000e+01
3.2285076813905067e-01 1.5286011302511215e-01 1.0000000000000000e+01
-6.4715989755799996e-01 -8.1639825730416837e-01 1.0000000000000000e+01
1.0117981121930297e-02 5.2908716282299206e-02 1.0000000000000000e+01
3.3780895887772044e-01 -4.4482814215348476e-01 1.0000000000000000e+01
6.6219349096631319e-01 -5.1399732917267704e-01 1.0000000000000000e+01
-7.8887511407438438e-01 -6.2404224817829312e-01 1.0000000000000000e+01
4.3840856358334812e-01 3.3272814533334594e-01 1.0000000000000000e+01
-6.8569142729308985e-01 -4.1581851496166478e-01 1.0000000000000000e+01
-6.6178096070037262e-01 -5.5260649116365546e-01 1.0000000000000000e+01
3.9927819156985644e-01 6.6856571457747638e-01 1.0000000000000000e+01
